id,score,total_reviews,total_positive,total_negative
1449850,0,0,0,0
397540,8,57672,46817,10855
1920960,0,0,0,0
1506830,8,33465,27060,6405
427520,9,107855,105957,1898
2183900,8,76615,65940,10675
1222670,8,44962,39663,5299
920210,8,25472,22936,2536
1790600,8,27064,23931,3133
3097560,8,13391,12056,1335
782330,8,116594,106408,10186
1085660,8,75367,60441,14926
227300,9,129140,125989,3151
1196590,8,39330,37355,1975
1868140,9,44176,42801,1375
1818750,6,5315,3767,1548
594570,8,50334,47039,3295
677620,8,157,147,10
812140,8,54957,49204,5753
1091500,8,342311,300891,41420
949230,5,28919,15605,13314
534380,6,64598,50601,13997
306130,8,71251,58561,12690
678960,8,18015,15714,2301
2139460,7,19,19,0
2054970,5,41858,28115,13743
1716740,5,81621,47256,34365
2694490,6,77257,56767,20490
2050650,9,50442,48972,1470
271590,8,567119,475026,92093
2429640,6,5985,4291,1694
1468810,6,3523,2749,774
976730,8,152968,141073,11895
582010,8,110510,102002,8508
489830,8,116985,110801,6184
49520,8,120585,108630,11955
2300320,8,9397,7711,1686
1203620,8,37832,33194,4638
238960,8,546,503,43
250900,9,129522,125936,3586
230410,8,1138,1000,138
1063730,5,141073,96321,44752
1238810,6,32723,23169,9554
251570,8,119119,102361,16758
394360,8,111898,102639,9259
813780,8,55910,53089,2821
424370,5,27654,15683,11971
1203220,8,12879,10543,2336
601150,9,34942,33397,1545
1966720,9,267895,261254,6641
1643320,6,37573,29159,8414
242760,9,170899,162910,7989
553850,8,574459,481051,93408
883710,9,46260,44802,1458
1174180,8,255460,233675,21785
1418630,6,2288,1634,654
1623730,9,139948,133385,6563
218620,8,170664,150050,20614
892970,8,245193,232739,12454
529340,5,18484,12885,5599
1517290,5,99684,46349,53335
1086940,9,413222,400374,12848
881020,8,10502,9691,811
377160,8,166814,139250,27564
1049590,7,19,17,2
779340,8,16546,13965,2581
617290,8,23410,20325,3085
1811260,5,35673,21659,14014
252950,8,225283,195767,29516
578080,5,277639,175676,101963
1568590,0,0,0,0
2767030,0,0,0,0
1245620,8,410482,386816,23666
1361210,6,66239,49035,17204
945360,8,362261,334148,28113
814380,8,80602,75623,4979
990080,8,129051,118287,10764
1454400,9,47176,45590,1586
570,8,6094,5423,671
431960,9,209784,205963,3821
236390,5,788,543,245
1151640,8,50897,45607,5290
203160,8,47692,45028,2664
2073850,0,7,6,1
1669000,8,9026,7507,1519
755790,6,233,167,66
2881650,8,29523,27788,1735
1363080,8,32672,29026,3646
648800,8,122637,115075,7562
2074920,0,0,0,0
1145350,9,36251,35136,1115
1260320,8,15738,14093,1645
1466860,8,24952,21630,3322
1282100,8,24959,21428,3531
1250410,6,41225,32308,8917
346110,8,248397,200854,47543
526870,9,118748,115818,2930
1142710,6,50808,38409,12399
976310,8,24371,21139,3232
1172470,6,1023,815,208
550,9,214722,209455,5267
739630,9,333249,320632,12617
2195250,5,31873,18310,13563
1254120,6,74,59,15
632360,8,147420,139759,7661
532210,8,8699,7150,1549
1240440,5,27338,18581,8757
671860,8,77155,64692,12463
292030,9,224783,217621,7162
1551360,8,81301,71987,9314
413150,9,358850,354856,3994
1158310,8,44465,40493,3972
440,6,25628,18866,6762
8930,9,76551,73083,3468
2669320,5,26008,13190,12818
2252570,8,6043,5561,482
1248130,8,23978,22194,1784
304930,8,2875,2594,281
39210,8,57432,50538,6894
1190340,0,0,0,0
1888160,8,37769,35330,2439
1046930,0,0,0,0
952060,8,23684,19352,4332
1222680,8,45620,38673,6947
1938090,5,223925,129547,94378
444200,6,221,155,66
1919590,5,16897,11639,5258
261550,8,91020,79368,11652
924970,6,24326,17466,6860
477160,9,29456,28057,1399
1446780,8,31938,27647,4291
1604030,8,50991,45859,5132
1794680,9,121643,119934,1709
2933620,5,8261,3466,4795
105600,9,562112,549264,12848
703080,8,39338,35925,3413
457140,9,45891,44068,1823
552500,8,41835,37595,4240
322330,9,78260,74881,3379
1313140,9,51129,49202,1927
1172620,8,140056,125413,14643
1623660,0,0,0,0
359550,8,613572,514191,99381
629760,8,58839,47998,10841
680420,5,30316,20842,9474
252490,8,494951,430627,64324
899770,8,56019,47478,8541
275850,6,162696,129992,32704
201270,8,20427,18886,1541
2507950,0,0,0,0
2358720,8,64218,60385,3833
281990,8,71429,62455,8974
740130,8,10671,9430,1241
834910,5,19817,9335,10482
381210,8,229094,184718,44376
730,8,1341873,1154043,187830
4000,9,502691,487836,14855
2399830,5,44616,26135,18481
1326470,8,102993,90624,12369
1599340,5,38940,27192,11748
289070,8,101943,86315,15628
1097150,8,149120,124985,24135
