id,main_story,completionist
1449850,41.47,98.81
397540,23.4,81.85
1920960,0.0,1293.25
1506830,61.9,147.94
427520,50.02,219.33
2183900,9.62,68.32
1222670,22.14,288.03
920210,18.6,89.56
1790600,10.62,43.49
3097560,2.79,3.5
782330,14.44,28.74
1085660,12.23,190.75
227300,48.05,427.0
1196590,9.85,38.47
1868140,24.98,49.2
1818750,5.72,88.55
594570,41.56,705.03
677620,14.42,0.0
812140,45.5,145.4
1091500,25.9,107.31
949230,29.4,102.51
534380,24.28,99.72
306130,47.94,527.03
678960,26.38,62.75
2139460,30.0,177.38
2054970,30.89,93.62
1716740,23.55,147.54
2694490,34.53,140.25
2050650,16.17,64.48
271590,13.76,16.54
2429640,59.76,136.41
1468810,,
976730,43.07,307.94
582010,46.45,428.27
489830,26.02,204.77
49520,30.16,130.63
2300320,0.0,892.72
1203620,46.38,80.03
238960,29.58,790.88
250900,5.64,368.25
230410,113.63,1495.08
1063730,28.67,0.0
1238810,6.23,36.18
251570,52.16,334.68
394360,51.37,1089.76
813780,42.96,221.42
424370,17.29,54.98
1203220,21.67,118.45
601150,11.13,75.53
1966720,8.89,33.24
1643320,36.61,134.92
242760,15.81,58.5
553850,32.61,86.4
883710,8.78,36.46
1174180,50.6,188.98
1418630,13.0,34.3
1623730,39.56,87.2
218620,27.15,532.9
892970,80.75,144.4
529340,48.65,821.49
1517290,47.53,159.2
1086940,71.97,174.73
881020,15.48,128.87
377160,27.55,160.16
1049590,11.0,0.0
779340,46.53,672.95
617290,13.28,58.9
1811260,,
252950,4.6,102.83
578080,102.11,566.61
1568590,2.84,16.5
2767030,16.51,86.21
1245620,59.85,135.12
1361210,29.28,190.46
945360,8.1,28.45
814380,30.16,69.88
990080,26.71,71.17
1454400,154.09,819.33
570,772.09,2359.42
431960,,
236390,474.83,4627.7
1151640,29.25,75.76
203160,11.33,20.88
2073850,7.71,295.73
1669000,19.88,124.45
755790,10.0,0.0
2881650,2.23,19.73
1363080,10.59,23.21
648800,25.62,67.26
2074920,37.21,100.67
1145350,19.48,65.24
1260320,5.1,107.42
1466860,27.8,167.99
1282100,18.13,81.42
1250410,25.61,1372.25
346110,68.28,508.43
526870,105.26,226.05
1142710,34.03,384.53
976310,6.29,61.84
1172470,31.37,143.75
550,10.26,60.44
739630,20.04,127.84
2195250,32.94,145.33
1254120,280.0,0.0
632360,10.74,145.45
532210,16.08,20.11
1240440,11.33,29.34
671860,33.44,0.0
292030,51.55,174.58
1551360,20.88,132.27
413150,53.42,167.81
1158310,73.02,585.79
440,302.23,2616.46
8930,40.08,435.5
2669320,42.62,384.24
2252570,108.58,453.07
1248130,176.95,296.25
304930,20.75,135.68
39210,0.0,0.0
1190340,0.0,0.0
1888160,17.66,50.03
1046930,63.01,278.79
952060,6.03,20.51
1222680,13.81,50.68
1938090,6.87,9.79
444200,1275.0,3500.0
1919590,22.45,173.24
261550,47.3,149.67
924970,11.88,98.33
477160,6.34,25.19
1446780,23.09,182.06
1604030,48.2,92.56
1794680,14.76,51.93
2933620,8.49,35.21
105600,52.04,202.86
703080,33.93,93.16
457140,90.34,408.56
552500,10.86,134.94
322330,34.41,213.71
1313140,14.49,28.09
1172620,41.53,724.82
1623660,0.0,0.0
359550,3.32,126.02
629760,2.0,229.96
680420,16.37,63.37
252490,28.45,127.04
899770,22.15,84.26
275850,31.44,155.84
201270,27.18,216.15
2507950,5.87,0.0
2358720,38.28,67.1
281990,31.73,339.1
740130,40.99,73.68
834910,18.0,0.0
381210,77.2,735.08
730,120.17,758.42
4000,51.54,575.64
2399830,350.56,930.45
1326470,15.25,48.54
1599340,48.21,706.21
289070,23.7,362.93
1097150,9.57,93.45
